22817
43079
36659
19916
48524
17584
13496
9272
12107
20893
63489
49342
15834
10627
63809
25305
61676
15157
44120
19724
51533
20201
48232
28850
26468
49593
9289
42186
55818
61897
64508
18400
47702
57889
64886
29872
32013
25800
1880
41111
21966
32708
23015
28881
52199
61194
5394
21035
43678
34226
46257
19506
20367
13545
13775
12162
57055
56017
62428
36080
34769
59198
39514
27337
35297
56421
9835
58618
60464
46599
32372
26279
1015
5888
44158
62888
48239
35720
3330
48442
42972
16891
32482
10921
57334
58662
48510
12166
41137
5636
60052
42769
58572
47015
64993
8768
33986
29530
23556
5506
59379
44171
30561
18186
2717
28850
50464
35514
53821
44717
57274
5003
39715
22528
49268
36862
56829
44141
5092
45575
24729
19082
53986
55597
52005
11764
11369
10573
47088
16886
5319
8315
32951
56947
22196
37926
38584
26706
6793
8209
7053
28507
33302
25262
36231
19775
11243
43034
37874
19699
23139
51749
35770
21161
47260
24058
13446
29642
40267
47661
28379
51158
32724
51128
5725
22257
37605
59532
46367
36258
4119
58577
46955
12018
21770
50907
24496
52013
6986
48138
35216
14827
40055
32698
11979
11879
39614
62441
2544
27992
64977
27516
59107
28714
58868
49643
35169
55902
56321
50777
15165
22489
44572
15029
20489
36259
55440
54421
20434
18097
18333
21434
12183
1047
13797
2876
33114
26428
51774
46370
59550
26152
29339
18000
18383
63914
22430
53484
238
39752
24653
36757
38095
55774
18208
37524
51739
61380
7051
31567
1194
18576
3464
24761
24681
30553
38369
43679
38402
13513
30158
6282
23508
36593
54800
38238
24909
49030
10241
8437
50689
57480
44535
22425
63132
30580
35381
45539
43314
5155
26811
57610
40307
55013
48845
61951
13728
59717
57144
36663
44964
57984
58029
39879
3011
52329
29632
60699
44391
25435
46356
28904
45945
7251
45495
3437
30254
7021
33335
57654
43283
15186
45215
46840
18149
32650
32983
61610
45739
14516
58749
25757
48034
63071
53867
38460
24925
22294
49362
60641
6144
22563
64666
33681
47931
62540
21124
32558
34447
28383
540
33731
3090
24576
12386
34592
54571
33683
14403
26049
50278
65110
1841
61577
28955
39072
38325
46352
7983
44066
37233
14604
2891
52774
32301
23013
66
47763
10804
46702
23041
37201
65086
38882
7790
71
54723
31486
58081
41915
364
51450
5559
28226
25836
19389
38179
48231
19489
41008
28480
20269
19246
11809
16712
32751
59978
46663
1475
55259
56108
11670
43191
53746
21152
41106
28329
63488
57349
6951
62729
3544
46579
55412
14628
27275
62857
13283
58364
35191
53495
18508
58853
56604
38003
52459
55870
57403
7770
26824
29504
42619
33544
24135
23697
59848
30270
30712
15075
60434
15825
34791
9227
60235
65356
31108
42865
18129
63312
63085
8019
34533
54520
24030
63901
61423
230
24481
14385
10475
60860
58476
60834
15999
51780
10430
41431
14050
39764
35556
37683
50889
10276
43752
51626
4212
30275
8812
4920
48336
15901
29818
49527
1738
42284
28972
28654
21391
15061
22536
8034
51964
14287
40294
34136
45754
4330
37942
56560
30861
48297
64847
45315
50465
31291
57809
46079
19748
20363
19747
37248
37367
56975
49081
54677
21232
7851
15173
16187
2979
10661
59025
39875
49006
51963
45155
14701
16091
14389
26695
1308
35969
6103
14307
869
38175
18041
41447
23926
56845
5446
29464
5982
28150
46636
53318
29938
6795
20325
36874
26016
43618
38194
51840
11125
14657
38077
21186
4004
59000
35139
8013
58417
44311
38039
24181
28789
1312
10322
38067
43461
32566
60814
4592
52361
25171
20626
54162
26914
41191
17390
31017
13515
30818
50756
56073
44611
14433
40624
35807
16783
1321
14522
45508
47955
45178
39180
12174
19371
50218
54072
44449
42982
40811
60928
14665
45815
41720
43418
37952
29510
11545
33353
64038
37592
60781
41968
51576
39445
32152
22678
46925
65196
20370
1907
47792
52399
51418
51976
52459
33084
45888
24193
47265
55570
13491
64583
8575
9077
61387
19590
31499
47174
15029
45486
64853
45096
64083
52743
40014
62580
24451
44900
20511
17280
50555
32804
29946
18994
17817
15965
60669
30317
18352
52818
57805
31932
45501
48036
19308
40771
12090
20524
43172
53765
60286
61272
59877
45630
41913
13439
25443
37114
129
29002
34085
17837
5343
21002
4566
10569
54661
36898
62828
7923
32365
22924
46599
24968
40020
1912
43304
30381
47567
45083
43160
1444
14869
20557
25306
54166
28143
43996
42251
5333
26022
32446
5682
62733
60926
18580
59425
23444
51714
28414
32411
51018
57431
60594
7326
47945
17619
31442
20429
50339
54981
33484
15663
7861
28080
4136
44821
30850
6590
65180
1081
16187
61104
18568
64089
4560
51311
24587
64710
60580
56131
4211
49191
5135
6038
27094
51694
32248
7828
34035
12859
16218
59797
36036
50256
28534
20170
60644
19024
47361
12863
64414
40859
63205
44786
6855
20276
22418
39220
30528
25633
33975
60791
4904
26220
46684
38374
9599
43777
48558
14692
35549
25815
24027
53389
45254
46434
30222
40148
12197
7974
57245
60326
399
43456
40075
10062
46335
4388
15733
63945
7728
64605
53355
22270
20017
20739
21790
52203
8346
51765
37790
23540
38361
27212
21160
62558
48375
47149
42695
17639
57988
59923
23873
54044
34641
47677
8797
57633
44836
7313
52029
16441
434
215
19839
10135
3420
47689
11125
29060
32604
11484
2068
16203
3844
2385
23374
34991
5386
54463
56130
55671
45910
17779
45587
53129
8553
22472
26748
27193
11166
63536
873
2093
29729
63109
64651
61593
14969
18396
56327
24347
48432
10714
33126
27448
2009
11112
58628
32176
47469
15434
59066
51975
887
56968
52051
62319
33894
15199
24181
12740
22107
59457
25165
44288
37638
29009
30648
36380
62370
33825
63841
30713
7588
47439
14325
13252
36792
17570
1603
41645
11116
11019
53046
57815
42133
21370
22063
40882
1098
52329
27068
50755
12498
51924
61996
13522
35262
12928
61051
28981
3725
16579
49995
9622
55884
15666
12069
22439
38515
50271
52573
31133
44643
25381
11207
30870
49787
14937
34722
30577
4344
21976
37154
62589
11026
15627
29778
11415
28971
8208
34383
60189
2250
25145
39206
58348
36273
17143
13144
49076
56278
3856
58399
15285
26082
49292
10179
63513
31190
53536
55624
42200
12186
29768
60758
18288
2504
35161
7983
62761
19543
38173
